04                          -22.4309978485107                         -67.7256546020508                          4750.69384765625                         -515.539                     5494.461                   -4750.694 
05                          -22.4313812255859                         -67.7786026000977                          4935.5791015625                          -515.539                    -5.538                      -4935.579 
06                          -22.4224910736084                         -67.777587890625                           4750.69384765625                          484.461                     244.462                    -4750.694 
08                          -22.4382419586182                         -67.7547912597656                          4750.69384765625                         -1265.539                    2494.462                   -4750.694 
09                          -22.4316749572754                         -67.7635498046875                          4750.69384765625                         -515.539                     1494.462                   -4750.694 
10                          -22.425537109375                          -67.7703323364258                          4750.69384765625                          234.461                     994.462                    -4750.694 
11                          -22.4320850372314                         -67.7481689453125                          4750.69384765625                         -515.539                     3244.462                   -4750.694 
12                          -22.4370765686035                         -67.7412033081055                          4750.69384765625                         -1015.539                    3994.461                   -4750.694 
13                          -22.411226272583                          -67.7675094604492                          4750.69384765625                          1734.461                    1244.462                   -4750.694 
14                          -22.4191226959229                         -67.7640151977539                          4750.69384765625                          984.461                     1494.462                   -4750.694 
15                          -22.4189224243164                         -67.7562255859375                          4750.69384765625                          984.461                     2244.462                   -4750.694 
16                          -22.4232006072998                         -67.7408905029297                          4750.69384765625                          484.461                     3994.461                   -4750.694 
17                          -22.4310417175293                         -67.7333297729492                          4750.69384765625                         -515.539                     4744.461                   -4750.694 
19                          -22.4353618621826                         -67.7261047363281                          4750.69384765625                         -1015.539                    5494.461                   -4750.694 
20                          -22.4430732727051                         -67.7378311157227                          4750.69384765625                         -1765.539                    4244.461                   -4750.694 
21                          -22.4189910888672                         -67.7263488769531                          4750.69384765625                          984.461                     5494.461                   -4750.694 
22                          -22.4233703613281                         -67.7331695556641                          4750.69384765625                          484.461                     4744.461                   -4750.694 
23                          -22.4186515808105                         -67.733268737793                           4750.69384765625                          984.461                     4744.461                   -4750.694 
24                          -22.4185104370117                         -67.7416610717773                          4750.69384765625                          984.461                     3744.462                   -4750.694 
25                          -22.4111480712891                         -67.7457046508789                          4750.69384765625                          1734.461                    3494.462                   -4750.694 
26                          -22.4118022918701                         -67.7333831787109                          4750.69384765625                          1734.461                    4744.461                   -4750.694 
27                          -22.4240665435791                         -67.7256927490234                          4750.69384765625                          234.461                     5494.461                   -4750.694 
28                          -22.443567276001                          -67.7300415039063                          4935.5791015625                          -1765.539                    4994.461                   -4935.579 
29                          -22.4111843109131                         -67.7778625488281                          4750.69384765625                          1734.461                    244.462                    -4750.694 
30                          -22.4406452178955                         -67.7703018188477                          4935.5791015625                          -1515.539                    994.462                    -4935.579 
31                          -22.4475727081299                         -67.7660903930664                          4935.5791015625                          -2265.538                    1244.462                   -4935.579 
32                          -22.4543437957764                         -67.7485122680664                          4935.5791015625                          -3015.538                    3244.462                   -4935.579 
33                          -22.451566696167                          -67.7770767211914                          4750.69384765625                         -2765.538                    244.462                    -4750.694 
34                          -22.4518966674805                         -67.7386932373047                          4750.69384765625                         -2765.538                    4244.461                   -4750.694 
35                          -22.4372520446777                         -67.7484664916992                          4750.69384765625                         -1015.539                    3244.462                   -4750.694 
36                          -22.4307022094727                         -67.8143844604492                          4935.5791015625                          -515.539                    -3505.538                   -4935.579 
38                          -22.4305820465088                         -67.8498229980469                          4935.5791015625                          -265.539                    -7255.538                   -4935.579 
39                          -22.4475803375244                         -67.8316116333008                          4750.69384765625                         -2265.538                   -5505.539                   -4750.694 
40                          -22.4465732574463                         -67.8507995605469                          4750.69384765625                         -2265.538                   -7255.538                   -4750.694 
41                          -22.4476222991943                         -67.8145446777344                          4750.69384765625                         -2265.538                   -3755.538                   -4750.694 
42                          -22.4636840820313                         -67.8130416870117                          4750.69384765625                         -4015.538                   -3505.538                   -4750.694 
43                          -22.4631576538086                         -67.8309478759766                          4750.69384765625                         -4015.538                   -5255.539                   -4750.694 
44                          -22.4623966217041                         -67.8497848510742                          4750.69384765625                         -4015.538                   -7255.538                   -4750.694 
45                          -22.4119033813477                         -67.8493499755859                          4935.5791015625                           1734.461                   -7255.538                   -4935.579 
46                          -22.4125003814697                         -67.8324737548828                          5089.64892578125                          1734.461                   -5505.539                   -5089.649 
47                          -22.4132823944092                         -67.8146209716797                          4935.5791015625                           1484.461                   -3755.538                   -4935.579 
48                          -22.4125442504883                         -67.7964706420898                          4750.69384765625                          1734.461                   -1755.538                   -4750.694 
49                          -22.391580581665                          -67.8511657714844                          4935.5791015625                           3984.461                   -7505.538                   -4935.579 
50                          -22.3906269073486                         -67.8334808349609                          4935.5791015625                           3984.461                   -5505.539                   -4935.579 
51                          -22.3910293579102                         -67.7970504760742                          4750.69384765625                          3984.461                   -1755.538                   -4750.694 
52                          -22.391019821167                          -67.7750396728516                          4750.69384765625                          3984.461                    494.462                    -4750.694 
53                          -22.3912830352783                         -67.7492218017578                          4750.69384765625                          3984.461                    2994.462                   -4750.694 
54                          -22.3910522460938                         -67.7276992797852                          4750.69384765625                          3984.461                    5244.461                   -4750.694 
55                          -22.3916873931885                         -67.7083969116211                          4935.5791015625                           3984.461                    7244.461                   -4935.579 
56                          -22.4083576202393                         -67.7075271606445                          4750.69384765625                          1984.461                    7244.461                   -4750.694 
57                          -22.4312705993652                         -67.7086486816406                          4750.69384765625                         -515.539                     7244.461                   -4750.694 
58                          -22.4488582611084                         -67.7071533203125                          4750.69384765625                         -2515.538                    7494.461                   -4750.694 
59                          -22.4639453887939                         -67.7959060668945                          4935.5791015625                          -4015.538                   -1755.538                   -4935.579 
60                          -22.4630241394043                         -67.7642593383789                          4935.5791015625                          -4015.538                    1494.462                   -4935.579 
61                          -22.4626388549805                         -67.7363357543945                          4750.69384765625                         -4015.538                    4494.461                   -4750.694 
63                          -22.4276924133301                         -67.7957229614258                          4750.69384765625                         -15.539                     -1755.538                   -4750.694 
64                          -22.4437065124512                         -67.7458648681641                          4750.69384765625                         -1765.539                    3494.462                   -4750.694 
65                          -22.425235748291                          -67.763786315918                           4750.69384765625                          234.461                     1494.462                   -4750.694 
66                          -22.4321117401123                         -67.7412261962891                          4750.69384765625                         -515.539                     3994.461                   -4750.694 
67                          -22.4186420440674                         -67.7706604003906                          4750.69384765625                          984.461                     994.462                    -4750.694 
68                          -22.4111957550049                         -67.7561645507813                          4750.69384765625                          1734.461                    2244.462                   -4750.694 
70                          -22.432222366333                          -67.7589263916016                          4750.69384765625                         -515.539                     1994.462                   -4750.694 
71                          -22.4184226989746                         -67.748893737793                           4750.69384765625                          984.461                     2994.462                   -4750.694 
72                          -22.4257869720459                         -67.7491149902344                          4750.69384765625                          234.461                     2994.462                   -4750.694 
73                          -22.4373016357422                         -67.7644119262695                          4750.69384765625                         -1015.539                    1494.462                   -4750.694 
74                          -22.4368000030518                         -67.733772277832                           4750.69384765625                         -1015.539                    4744.461                   -4750.694 
75                          -22.4338874816895                         -67.7691345214844                          4750.69384765625                         -765.539                     994.462                    -4750.694 
76                          -22.4459323883057                         -67.7541732788086                          4750.69384765625                         -2015.538                    2494.462                   -4750.694 
